4 0.2796875 0.92265625 0.065625 0.1515625
4 0.39296875 0.7421875 0.065625 0.140625
1 0.45625 0.2265625 0.0078125 0.01875
1 0.47265625 0.1984375 0.0078125 0.015625
1 0.45703125 0.190625 0.009375 0.0171875
1 0.53984375 0.37734375 0.009375 0.015625
1 0.4953125 0.0734375 0.00625 0.0125
1 0.50625 0.0609375 0.0046875 0.009375
1 0.4140625 0.953125 0.015625 0.025
1 0.490625 0.0296875 0.00625 0.0125
1 0.48671875 0.30546875 0.00625 0.0109375
1 0.4921875 0.3375 0.00625 0.009375
1 0.48046875 0.32421875 0.00625 0.0125
1 0.01015625 0.29453125 0.01875 0.0921875
1 0.40234375 0.990625 0.0125 0.015625
0 0.35546875 0.3390625 0.025 0.2265625
3 0.91953125 0.89609375 0.1609375 0.1765625