2 0.32109375 0.509375 0.053125 0.0546875
1 0.3203125 0.50703125 0.0109375 0.015625
4 0.4546875 0.646875 0.0234375 0.05
0 0.503125 0.49765625 0.01875 0.078125
4 0.4578125 0.48671875 0.0234375 0.0296875
4 0.48984375 0.32734375 0.025 0.053125
4 0.46875 0.34765625 0.021875 0.040625
4 0.8234375 0.384375 0.0328125 0.040625
4 0.59921875 0.21015625 0.025 0.03125
2 0.64296875 0.4796875 0.04375 0.025
3 0.3078742953125 0.3930478171875 0.3177702546875 0.37435545000000003 0.1781272703125 0.306183284375 0.172629515625 0.3226765484375 0.3078742953125 0.3930478171875