2 0.490625 0.32109375 0.0546875 0.053125
1 0.49296875 0.3203125 0.01640625 0.0109375
4 0.353125 0.4546875 0.04921875 0.0234375
0 0.50234375 0.503125 0.07734375 0.01875
4 0.51328125 0.4578125 0.0296875 0.0234375
4 0.67265625 0.48984375 0.05390625 0.025
4 0.65234375 0.46875 0.03984375 0.021875
4 0.615625 0.8234375 0.03984375 0.0328125
4 0.78984375 0.59921875 0.03203125 0.02421875
2 0.5203125 0.64296875 0.025 0.04375
3 0.6938167156249999 0.1781272703125 0.6773234515625 0.172629515625 0.6069521828125 0.3078742953125 0.62564455 0.3177702546875 0.6938167156249999 0.1781272703125