4 0.6328125 0.29453125 0.046875 0.1484375
4 0.68125 0.0484375 0.0890625 0.09375
1 0.54140625 0.8125 0.009375 0.015625
1 0.54375 0.7765625 0.009375 0.01875
1 0.52578125 0.80625 0.00625 0.015625
1 0.578125 0.065625 0.0125 0.021875
1 0.51875 0.67890625 0.00625 0.0140625
1 0.596875 0.0109375 0.0125 0.01875
1 0.5046875 0.75 0.0046875 0.0109375
1 0.50859375 0.975 0.00625 0.0109375
1 0.49296875 0.9421875 0.0046875 0.009375
1 0.56953125 0.25078125 0.009375 0.015625
1 0.503125 0.93125 0.00625 0.0125
1 0.50703125 0.66640625 0.0046875 0.009375
1 0.5125 0.6984375 0.00625 0.0125
1 0.9890625 0.709375 0.01875 0.096875
0 0.64453125 0.65546875 0.0296875 0.2171875
1 0.36328125 0.6828125 0.0125 0.01875