4 0.71953125 0.8359375 0.040625 0.05625
4 0.57734375 0.428125 0.009375 0.0171875
4 0.57734375 0.465625 0.009375 0.0125
4 0.57734375 0.340625 0.0078125 0.021875
4 0.64921875 0.10625 0.015625 0.040625
0 0.58125 0.2578125 0.003125 0.1
4 0.57578125 0.3140625 0.0078125 0.0125
4 0.6390625 0.015625 0.025 0.0234375
4 0.7046875 0.7890625 0.040625 0.0515625
4 0.64765625 0.146875 0.015625 0.028125
4 0.58046875 0.278125 0.00625 0.015625
2 0.51796875 0.7796875 0.04375 0.1234375
1 0.434375 0.29296875 0.00625 0.0125