4 0.28046875 0.1640625 0.040625 0.05625
4 0.42265625 0.571875 0.009375 0.0171875
4 0.42265625 0.534375 0.009375 0.0125
4 0.42265625 0.659375 0.0078125 0.021875
4 0.35078125 0.89375 0.015625 0.0390625
0 0.41875 0.7421875 0.003125 0.1
4 0.42421875 0.6859375 0.0078125 0.0125
4 0.3609375 0.984375 0.025 0.0234375
4 0.2953125 0.2109375 0.040625 0.0515625
4 0.35234375 0.853125 0.015625 0.028125
4 0.41953125 0.721875 0.00625 0.015625
2 0.48203125 0.2203125 0.04375 0.1234375
1 0.565625 0.70703125 0.00625 0.0125