4 0.94140625 0.675 0.1078125 0.10234375
4 0.69765625 0.63125 0.14375 0.04453125
1 0.2171875 0.540625 0.01640625 0.009375
1 0.1890625 0.5234375 0.01484375 0.0078125
1 0.9859375 0.59375 0.02578125 0.01328125
1 0.01875 0.50546875 0.01171875 0.00546875
1 0.928125 0.575 0.01953125 0.01171875
1 0.31484375 0.515625 0.0125 0.00546875
1 0.0515625 0.48984375 0.00859375 0.0046875
1 0.18125 0.5390625 0.01796875 0.00859375
1 0.740625 0.56640625 0.01171875 0.00859375
1 0.06328125 0.50078125 0.0109375 0.00546875
1 0.29609375 0.509375 0.0125 0.00546875
1 0.13359375 0.490625 0.0078125 0.0046875
1 0.9421875 0.58203125 0.0265625 0.01953125
1 0.3296875 0.5046875 0.01171875 0.00546875
1 0.284375 0.98828125 0.09921875 0.02265625
0 0.34140625 0.64375 0.20625 0.02265625
3 0.565625 0.47890625 0.23046875 0.14921875