4 0.178125 0.61875 0.0234375 0.025
4 0.1703125 0.53359375 0.0375 0.0359375
4 0.5359375 0.66796875 0.040625 0.046875
0 0.49609375 0.50234375 0.021875 0.078125
4 0.54375 0.509375 0.01875 0.0375
4 0.54765625 0.36015625 0.015625 0.040625
4 0.55546875 0.57578125 0.01875 0.028125
4 0.559375 0.45078125 0.0234375 0.040625
2 0.62109375 0.440625 0.0296875 0.059375
2 0.3984375 0.628125 0.04375 0.046875
3 0.76029786875 0.5937575703125 0.7515014625 0.608051734375 0.8526601578124999 0.72240504375 0.8746511796875 0.70811088125 0.76029786875 0.5937575703125