4 0.55546875 0.56875 0.01875 0.0234375
4 0.54453125 0.65625 0.046875 0.059375
4 0.52578125 0.6671875 0.021875 0.04375
4 0.540625 0.50625 0.028125 0.0375
4 0.5609375 0.4515625 0.021875 0.040625
4 0.54609375 0.36171875 0.034375 0.040625
4 0.1890625 0.56953125 0.05625 0.025
4 0.17890625 0.6203125 0.0265625 0.0296875
2 0.6296875 0.4390625 0.0375 0.053125
0 0.496875 0.5 0.0140625 0.09375
3 0.7416055015625 0.5948571203124999 0.7284108890625001 0.621246346875 0.86255611875 0.6971153703125 0.8713525265625 0.6784230015625 0.7416055015625 0.5948571203124999