4 0.63359375 0.2953125 0.0453125 0.15
4 0.6859375 0.0578125 0.103125 0.109375
1 0.46484375 0.63671875 0.0203125 0.034375
1 0.54375 0.775 0.009375 0.01875
1 0.5421875 0.8125 0.009375 0.01875
1 0.52578125 0.8046875 0.00625 0.0140625
1 0.57890625 0.065625 0.0125 0.021875
1 0.59765625 0.01015625 0.0125 0.01875
1 0.50859375 0.9734375 0.00625 0.0125
1 0.50390625 0.93046875 0.00625 0.0125
1 0.51875 0.67734375 0.00625 0.0125
1 0.49375 0.9421875 0.0046875 0.009375
1 0.51328125 0.696875 0.00625 0.0109375
1 0.5078125 0.665625 0.0046875 0.009375
1 0.590625 0.05234375 0.009375 0.025
1 0.98984375 0.7078125 0.01875 0.09375
0 0.64765625 0.6609375 0.025 0.2125