4 0.8875 0.64921875 0.0671875 0.015625
4 0.8375 0.646875 0.040625 0.015625
4 0.17890625 0.7125 0.0484375 0.046875
4 0.665625 0.5765625 0.021875 0.00625
4 0.9890625 0.63828125 0.01875 0.025
4 0.2359375 0.71015625 0.05625 0.028125
4 0.578125 0.57578125 0.01875 0.0078125
4 0.540625 0.57578125 0.0125 0.009375
0 0.75390625 0.58046875 0.08125 0.00625
4 0.728125 0.57890625 0.0171875 0.0078125
4 0.696875 0.57578125 0.0125 0.0078125
4 0.74453125 0.57109375 0.0140625 0.009375
1 0.69765625 0.4 0.0140625 0.00625