4 0.67578125 0.0609375 0.1 0.10625
4 0.63046875 0.3 0.0453125 0.1390625
4 0.52578125 0.5265625 0.015625 0.0328125
2 0.98828125 0.7140625 0.021875 0.1015625
1 0.54140625 0.78203125 0.009375 0.01875
1 0.5234375 0.8109375 0.0078125 0.015625
1 0.51640625 0.68515625 0.00625 0.0140625
1 0.57578125 0.071875 0.0125 0.0203125
1 0.50546875 0.98125 0.00625 0.0125
1 0.5015625 0.93671875 0.00625 0.0109375
1 0.5828125 0.05703125 0.0203125 0.0265625
1 0.48984375 0.94765625 0.0046875 0.009375
1 0.59375 0.01328125 0.0125 0.025
1 0.53984375 0.81875 0.009375 0.01875
1 0.5046875 0.67109375 0.00625 0.0109375
1 0.51015625 0.703125 0.00625 0.009375
0 0.64375 0.6671875 0.028125 0.209375