4 0.28046875 0.9234375 0.0671875 0.15
4 0.39140625 0.7640625 0.0703125 0.1375
1 0.4734375 0.1984375 0.00625 0.015625
1 0.45546875 0.2265625 0.009375 0.01875
1 0.4140625 0.9546875 0.015625 0.0234375
1 0.50625 0.06171875 0.0046875 0.009375
1 0.4953125 0.07421875 0.0046875 0.0109375
1 0.48671875 0.30546875 0.00625 0.0109375
1 0.48046875 0.32421875 0.00625 0.0125
1 0.4921875 0.3375 0.0046875 0.009375
1 0.49140625 0.0296875 0.00625 0.0125
1 0.4578125 0.190625 0.009375 0.01875
1 0.01015625 0.29375 0.01875 0.090625
1 0.40234375 0.99140625 0.0125 0.015625
0 0.34921875 0.33984375 0.0328125 0.203125
3 0.915625 0.90625 0.16875 0.1875