4 0.28125 0.925 0.065625 0.146875
4 0.3625 0.70625 0.040625 0.15
1 0.56015625 0.36953125 0.0125 0.0296875
1 0.45625 0.225 0.0078125 0.0171875
1 0.4578125 0.1890625 0.009375 0.0171875
1 0.42109375 0.93515625 0.0125 0.021875
1 0.4734375 0.19609375 0.00625 0.015625
1 0.49140625 0.0265625 0.00625 0.0125
1 0.48125 0.321875 0.00625 0.0125
1 0.49609375 0.071875 0.00625 0.0140625
1 0.50546875 0.140625 0.0046875 0.009375
1 0.4953125 0.25 0.0046875 0.0125
1 0.50625 0.05859375 0.0046875 0.009375
1 0.48671875 0.303125 0.00625 0.009375
1 0.4921875 0.33515625 0.0046875 0.0109375
1 0.409375 0.94765625 0.009375 0.025
1 0.40234375 0.990625 0.0125 0.01875
1 0.45625 0.596875 0.0078125 0.015625
1 0.45546875 0.578125 0.0078125 0.0140625
1 0.41796875 0.953125 0.0109375 0.021875
1 0.01015625 0.29296875 0.01875 0.09375
3 0.815625 0.88125 0.1875 0.2375
0 0.35625 0.340625 0.028125 0.240625