4 0.0234375 0.7046875 0.04609375 0.0453125
4 0.1515625 0.721875 0.0625 0.04375
4 0.865625 0.6484375 0.06796875 0.01953125
4 0.565625 0.5796875 0.021875 0.00859375
4 0.6515625 0.5796875 0.02109375 0.00703125
4 0.5265625 0.58046875 0.01484375 0.0078125
4 0.846875 0.65 0.03203125 0.015625
0 0.7421875 0.5859375 0.078125 0.00546875
4 0.7140625 0.58203125 0.01796875 0.00625
4 0.1875 0.7171875 0.04609375 0.02578125
4 0.6921875 0.578125 0.01171875 0.00703125
4 0.8828125 0.6484375 0.03359375 0.01875
2 0.07734375 0.5359375 0.13125 0.04453125
1 0.73203125 0.51328125 0.01171875 0.00703125