4 0.9390625 0.60625 0.04765625 0.02421875
0 0.63828125 0.63359375 0.23671875 0.02890625
4 0.6703125 0.61796875 0.08046875 0.0171875
4 0.353125 0.4140625 0.02890625 0.0078125
4 0.96875 0.4234375 0.03046875 0.0078125
4 0.284375 0.38828125 0.01171875 0.009375
4 0.31171875 0.41328125 0.021875 0.00625
4 0.56796875 0.39765625 0.0125 0.00703125
4 0.54375 0.39375 0.01328125 0.00625
4 0.521875 0.39453125 0.02109375 0.00625
4 0.5984375 0.39921875 0.0203125 0.0078125
2 0.63125 0.45546875 0.04765625 0.04140625