4 0.325 0.94140625 0.103125 0.1078125
4 0.36875 0.69765625 0.04375 0.14375
1 0.459375 0.2171875 0.009375 0.015625
1 0.4765625 0.1890625 0.0078125 0.015625
1 0.40625 0.9859375 0.0125 0.025
1 0.49453125 0.01875 0.00625 0.0125
1 0.425 0.928125 0.0125 0.01875
1 0.484375 0.31484375 0.00625 0.0125
1 0.51015625 0.0515625 0.0046875 0.009375
1 0.4609375 0.18125 0.009375 0.01875
1 0.43359375 0.740625 0.009375 0.0125
1 0.49921875 0.06328125 0.00625 0.0109375
1 0.490625 0.29609375 0.00625 0.0125
1 0.509375 0.13359375 0.0046875 0.0078125
1 0.41796875 0.9421875 0.01875 0.0265625
1 0.4953125 0.3296875 0.00625 0.0125
1 0.01171875 0.284375 0.021875 0.1
0 0.35625 0.34140625 0.021875 0.20625
3 0.52109375 0.565625 0.15 0.23125