2 0.46015625 0.34453125 0.0375 0.034375
2 0.52578125 0.65390625 0.034375 0.040625
4 0.61328125 0.8234375 0.0296875 0.03125
4 0.6984375 0.58203125 0.040625 0.0296875
4 0.67421875 0.490625 0.053125 0.0296875
4 0.653125 0.47265625 0.040625 0.028125
4 0.50625 0.45390625 0.0359375 0.0265625
4 0.35703125 0.4546875 0.04375 0.01875
0 0.503125 0.4984375 0.084375 0.015625
1 0.53359375 0.34765625 0.01875 0.01875
3 0.6091512859375 0.2880823765625 0.6267441015624999 0.2913810296875 0.6762239 0.139642984375 0.65753153125 0.1341452296875 0.6091512859375 0.2880823765625