3 0.602553978125 0.30567519375 0.624545 0.3122725 0.6894185125 0.16603220937500002 0.67072614375 0.158335353125 0.6047530796875 0.3012769890625 0.60585263125 0.30567519375 0.602553978125 0.30567519375
4 0.67421875 0.490625 0.06015625 0.01796875
4 0.6546875 0.47421875 0.03828125 0.021875
4 0.6125 0.82109375 0.03046875 0.03046875
4 0.7484375 0.5734375 0.04765625 0.034375
4 0.346875 0.4578125 0.02109375 0.01875
0 0.4984375 0.5015625 0.078125 0.01953125
4 0.509375 0.45625 0.01640625 0.021875
4 0.5703125 0.44375 0.02734375 0.025
2 0.525 0.6375 0.025 0.040625
2 0.47109375 0.32734375 0.0453125 0.040625
1 0.5109375 0.32890625 0.015625 0.0109375