4 0.9234375 0.71953125 0.15078125 0.0671875
4 0.7640625 0.60859375 0.13828125 0.0703125
1 0.1984375 0.5265625 0.01484375 0.00703125
1 0.2265625 0.54453125 0.01796875 0.00859375
1 0.9546875 0.5859375 0.0234375 0.01640625
1 0.06171875 0.49375 0.009375 0.0046875
1 0.07421875 0.5046875 0.0109375 0.0046875
1 0.30546875 0.51328125 0.0109375 0.00546875
1 0.32421875 0.51953125 0.0125 0.00546875
1 0.3375 0.5078125 0.01015625 0.0046875
1 0.0296875 0.50859375 0.01171875 0.00546875
1 0.190625 0.5421875 0.01796875 0.009375
1 0.29375 0.98984375 0.09140625 0.01875
1 0.99140625 0.59765625 0.015625 0.0125
0 0.33984375 0.65078125 0.20234375 0.0328125
3 0.90625 0.084375 0.1875 0.16875