4 0.9421875 0.6765625 0.103125 0.1015625
4 0.703125 0.63203125 0.13671875 0.04140625
4 0.4734375 0.52578125 0.03359375 0.015625
1 0.21953125 0.5421875 0.0171875 0.009375
1 0.1828125 0.540625 0.01640625 0.00859375
1 0.74453125 0.56796875 0.015625 0.01015625
1 0.190625 0.525 0.01484375 0.0078125
1 0.0203125 0.50625 0.01328125 0.00546875
1 0.9875 0.59453125 0.02421875 0.0125
1 0.3171875 0.51640625 0.01171875 0.00625
1 0.06484375 0.50234375 0.0109375 0.00546875
1 0.05390625 0.49140625 0.009375 0.0046875
1 0.92890625 0.5765625 0.0203125 0.01171875
1 0.2984375 0.5109375 0.01171875 0.00625
1 0.2453125 0.503125 0.01015625 0.00546875
1 0.1359375 0.49140625 0.009375 0.0046875
1 0.28671875 0.9890625 0.0984375 0.0203125
0 0.33671875 0.6453125 0.22421875 0.03828125