4 0.70546875 0.6328125 0.1484375 0.04765625
4 0.9515625 0.68125 0.09453125 0.0890625
1 0.1875 0.54140625 0.01640625 0.00859375
1 0.2234375 0.54375 0.01796875 0.00859375
1 0.19375 0.52578125 0.01484375 0.00703125
1 0.934375 0.578125 0.021875 0.01171875
1 0.32109375 0.51875 0.0140625 0.00625
1 0.9890625 0.596875 0.01953125 0.01328125
1 0.25 0.5046875 0.0109375 0.0046875
1 0.025 0.50859375 0.0109375 0.00546875
1 0.0578125 0.49296875 0.01015625 0.0046875
1 0.74921875 0.56953125 0.015625 0.01015625
1 0.06875 0.503125 0.01171875 0.00546875
1 0.33359375 0.50703125 0.009375 0.0046875
1 0.3015625 0.5125 0.01171875 0.00625
1 0.290625 0.9890625 0.09609375 0.01953125
0 0.34453125 0.64453125 0.2171875 0.0296875
1 0.3171875 0.36328125 0.01796875 0.01171875