4 0.92265625 0.7203125 0.1515625 0.06640625
4 0.7421875 0.60703125 0.13984375 0.06640625
1 0.2265625 0.54375 0.01796875 0.0078125
1 0.1984375 0.52734375 0.01484375 0.0078125
1 0.190625 0.54296875 0.0171875 0.009375
1 0.37734375 0.46015625 0.015625 0.00859375
1 0.0734375 0.5046875 0.01171875 0.00546875
1 0.0609375 0.49375 0.01015625 0.0046875
1 0.953125 0.5859375 0.025 0.01640625
1 0.0296875 0.509375 0.0125 0.00546875
1 0.30546875 0.51328125 0.0109375 0.00546875
1 0.3375 0.5078125 0.01015625 0.00546875
1 0.32421875 0.51953125 0.0125 0.00546875
1 0.29453125 0.98984375 0.0921875 0.01875
1 0.990625 0.59765625 0.01640625 0.0125
0 0.3390625 0.64453125 0.2265625 0.02578125
3 0.89609375 0.08046875 0.1765625 0.1609375