4 0.32421875 0.9390625 0.1 0.10625
4 0.36953125 0.7 0.0453125 0.1390625
4 0.47421875 0.4734375 0.015625 0.0328125
2 0.01171875 0.2859375 0.021875 0.1015625
1 0.45859375 0.21796875 0.009375 0.01875
1 0.4765625 0.1890625 0.0078125 0.015625
1 0.48359375 0.31484375 0.00625 0.0140625
1 0.42421875 0.928125 0.0125 0.0203125
1 0.49453125 0.01875 0.00625 0.0125
1 0.4984375 0.06328125 0.00625 0.0109375
1 0.4171875 0.94296875 0.0203125 0.0265625
1 0.51015625 0.05234375 0.0046875 0.009375
1 0.40625 0.98671875 0.0125 0.025
1 0.46015625 0.18125 0.009375 0.01875
1 0.4953125 0.32890625 0.00625 0.0109375
1 0.48984375 0.296875 0.00625 0.009375
0 0.35625 0.3328125 0.028125 0.209375