3 0.228125 0.46328125 0.0890625 0.06796875
4 0.5484375 0.67890625 0.0390625 0.021875
4 0.28984375 0.6265625 0.03125 0.0359375
4 0.359375 0.6734375 0.04609375 0.02109375
4 0.2609375 0.621875 0.03515625 0.01953125
4 0.6125 0.66875 0.03671875 0.02109375
4 0.621875 0.6625 0.05390625 0.0328125
4 0.4453125 0.46015625 0.02578125 0.00859375
4 0.465625 0.45703125 0.03046875 0.01640625
4 0.39375 0.65390625 0.02578125 0.01796875
4 0.99140625 0.3765625 0.015625 0.01171875
1 0.696875 0.25703125 0.00546875 0.0046875