4 0.921875 0.71953125 0.15078125 0.0671875
4 0.7078125 0.628125 0.14140625 0.05
1 0.7546875 0.5703125 0.02109375 0.0109375
1 0.22578125 0.54375 0.0171875 0.00859375
1 0.1890625 0.5421875 0.01796875 0.00859375
1 0.196875 0.5265625 0.0140625 0.00703125
1 0.37421875 0.43046875 0.021875 0.01015625
1 0.071875 0.5046875 0.0125 0.0046875
1 0.06015625 0.49296875 0.009375 0.00390625
1 0.02890625 0.50859375 0.0109375 0.00546875
1 0.3234375 0.51875 0.01171875 0.00546875
1 0.3359375 0.5078125 0.01015625 0.0046875
1 0.3046875 0.51328125 0.01015625 0.00546875
1 0.59765625 0.54453125 0.015625 0.0078125
1 0.5796875 0.54375 0.0140625 0.0078125
1 0.9390625 0.57734375 0.01640625 0.00859375
1 0.990625 0.59765625 0.0171875 0.01328125
1 0.29453125 0.98984375 0.0921875 0.01875
3 0.859375 0.08671875 0.10625 0.17265625
0 0.34609375 0.64765625 0.209375 0.01796875