4 0.67734375 0.0546875 0.1015625 0.103125
4 0.63203125 0.29453125 0.040625 0.1359375
4 0.5265625 0.525 0.015625 0.03125
1 0.56875 0.2515625 0.009375 0.021875
1 0.5421875 0.7796875 0.009375 0.01875
1 0.54140625 0.81640625 0.009375 0.0171875
1 0.525 0.809375 0.0078125 0.015625
1 0.59609375 0.0125 0.0125 0.021875
1 0.50703125 0.97890625 0.00625 0.0140625
1 0.5171875 0.6828125 0.00625 0.0125
1 0.4921875 0.9453125 0.0046875 0.009375
1 0.50625 0.66875 0.0046875 0.009375
1 0.503125 0.753125 0.00625 0.0109375
1 0.51171875 0.70078125 0.00625 0.0109375
1 0.503125 0.93359375 0.00625 0.0109375
1 0.54296875 0.425 0.0078125 0.0140625
1 0.578125 0.0703125 0.0125 0.01875
1 0.98984375 0.71328125 0.01875 0.0953125
0 0.6453125 0.65625 0.021875 0.21875