4 0.940625 0.675 0.10625 0.1015625
4 0.7 0.6296875 0.1390625 0.046875
4 0.4734375 0.525 0.03203125 0.015625
1 0.1890625 0.5234375 0.01484375 0.0078125
1 0.21875 0.540625 0.01640625 0.00859375
1 0.9859375 0.59375 0.02578125 0.01328125
1 0.928125 0.575 0.01953125 0.01171875
1 0.01875 0.50546875 0.01328125 0.00546875
1 0.315625 0.51640625 0.01328125 0.00625
1 0.06328125 0.50078125 0.0109375 0.0046875
1 0.7421875 0.5671875 0.0125 0.009375
1 0.9421875 0.5828125 0.0265625 0.01953125
1 0.18125 0.53984375 0.0171875 0.00859375
1 0.05234375 0.48984375 0.009375 0.0046875
1 0.134375 0.490625 0.00859375 0.0046875
1 0.24375 0.50234375 0.01015625 0.00546875
1 0.29765625 0.51015625 0.0109375 0.00625
1 0.2859375 0.98828125 0.1 0.02265625
0 0.3390625 0.64375 0.21796875 0.02578125