4 0.9453125 0.67734375 0.103125 0.1015625
4 0.70546875 0.63203125 0.1359375 0.040625
4 0.475 0.5265625 0.03125 0.015625
1 0.7484375 0.56875 0.021875 0.009375
1 0.2203125 0.5421875 0.01875 0.009375
1 0.18359375 0.54140625 0.0171875 0.009375
1 0.190625 0.525 0.015625 0.0078125
1 0.9875 0.59609375 0.021875 0.0125
1 0.02109375 0.50703125 0.0140625 0.00625
1 0.3171875 0.5171875 0.0125 0.00625
1 0.0546875 0.4921875 0.009375 0.0046875
1 0.33125 0.50625 0.009375 0.0046875
1 0.246875 0.503125 0.0109375 0.00625
1 0.29921875 0.51171875 0.0109375 0.00625
1 0.06640625 0.503125 0.0109375 0.00625
1 0.575 0.54296875 0.0140625 0.0078125
1 0.9296875 0.578125 0.01875 0.0125
1 0.28671875 0.98984375 0.0953125 0.01875
0 0.34375 0.6453125 0.21875 0.021875