4 0.925 0.71875 0.146875 0.065625
4 0.70625 0.6375 0.15 0.040625
1 0.36953125 0.43984375 0.0296875 0.0125
1 0.225 0.54375 0.0171875 0.0078125
1 0.1890625 0.5421875 0.0171875 0.009375
1 0.93515625 0.57890625 0.021875 0.0125
1 0.19609375 0.5265625 0.015625 0.00625
1 0.0265625 0.50859375 0.0125 0.00625
1 0.321875 0.51875 0.0125 0.00625
1 0.071875 0.50390625 0.0140625 0.00625
1 0.140625 0.49453125 0.009375 0.0046875
1 0.25 0.5046875 0.0125 0.0046875
1 0.05859375 0.49375 0.009375 0.0046875
1 0.303125 0.51328125 0.009375 0.00625
1 0.33515625 0.5078125 0.0109375 0.0046875
1 0.94765625 0.590625 0.025 0.009375
1 0.990625 0.59765625 0.01875 0.0125
1 0.596875 0.54375 0.015625 0.0078125
1 0.578125 0.54453125 0.0140625 0.0078125
1 0.953125 0.58203125 0.021875 0.0109375
1 0.29296875 0.98984375 0.09375 0.01875
3 0.88125 0.184375 0.2375 0.1875
0 0.340625 0.64375 0.240625 0.028125