4 0.63359375 0.29375 0.04375 0.146875
4 0.68125 0.05078125 0.090625 0.0984375
1 0.56953125 0.25 0.009375 0.01875
1 0.54140625 0.81328125 0.009375 0.0171875
1 0.54296875 0.77734375 0.009375 0.01875
1 0.52578125 0.80625 0.0078125 0.0140625
1 0.578125 0.0671875 0.0125 0.021875
1 0.51796875 0.68046875 0.00625 0.0125
1 0.34375 0.696875 0.0078125 0.0140625
1 0.5078125 0.975 0.00625 0.0125
1 0.59609375 0.0109375 0.0125 0.0203125
1 0.49296875 0.94296875 0.0046875 0.009375
1 0.5125 0.69921875 0.00625 0.0109375
1 0.50625 0.66640625 0.00625 0.009375
1 0.503125 0.93125 0.00625 0.0125
1 0.9890625 0.7109375 0.0203125 0.096875
3 0.1171875 0.0625 0.1046875 0.125
0 0.64609375 0.6578125 0.0234375 0.225