4 0.2953125 0.0234375 0.0453125 0.046875
4 0.278125 0.1515625 0.04375 0.0625
4 0.3515625 0.865625 0.01875 0.06875
4 0.4203125 0.565625 0.009375 0.021875
4 0.4203125 0.6515625 0.00625 0.021875
4 0.41953125 0.5265625 0.0078125 0.015625
4 0.35 0.846875 0.015625 0.03125
0 0.4140625 0.7421875 0.00625 0.078125
4 0.41796875 0.7140625 0.00625 0.01875
4 0.2828125 0.1875 0.025 0.046875
4 0.421875 0.6921875 0.00625 0.0125
4 0.3515625 0.8828125 0.01875 0.034375
2 0.4640625 0.07734375 0.04375 0.13125
1 0.48671875 0.73203125 0.00625 0.0125