3 0.54375 0.52890625 0.2375 0.165625
4 0.94140625 0.67421875 0.109375 0.103125
4 0.696875 0.63125 0.14375 0.0453125
1 0.1890625 0.5234375 0.015625 0.0078125
1 0.2171875 0.540625 0.015625 0.009375
1 0.9859375 0.59296875 0.0265625 0.0125
1 0.92734375 0.575 0.0203125 0.0125
1 0.01875 0.50546875 0.0125 0.00625
1 0.9421875 0.58203125 0.028125 0.01875
1 0.31484375 0.515625 0.0125 0.00625
1 0.0515625 0.48984375 0.009375 0.0046875
1 0.18046875 0.5390625 0.01875 0.009375
1 0.0625 0.50078125 0.009375 0.00625
1 0.2953125 0.509375 0.0125 0.00625
1 0.28515625 0.98828125 0.1 0.021875
0 0.3390625 0.64296875 0.2265625 0.0265625