4 0.95234375 0.67890625 0.0921875 0.096875
4 0.709375 0.6328125 0.13828125 0.04296875
1 0.75 0.56953125 0.02109375 0.0109375
1 0.18515625 0.54140625 0.0171875 0.009375
1 0.19375 0.52578125 0.01484375 0.0078125
1 0.31875 0.51796875 0.01171875 0.00546875
1 0.221875 0.54296875 0.01796875 0.00859375
1 0.05625 0.49296875 0.009375 0.0046875
1 0.025 0.5078125 0.01171875 0.00546875
1 0.93125 0.578125 0.02109375 0.01171875
1 0.9890625 0.596875 0.02109375 0.01328125
1 0.3 0.51171875 0.01171875 0.00546875
1 0.13828125 0.49296875 0.009375 0.00390625
1 0.2484375 0.5046875 0.01171875 0.00546875
1 0.3328125 0.50625 0.01015625 0.00546875
1 0.0671875 0.503125 0.01171875 0.00546875
1 0.2890625 0.9890625 0.0953125 0.01953125
0 0.340625 0.64609375 0.228125 0.0265625
3 0.97421875 0.06640625 0.0515625 0.078125