4 0.32421875 0.940625 0.1015625 0.1046875
4 0.36796875 0.703125 0.04375 0.1375
4 0.47421875 0.47421875 0.015625 0.03125
1 0.45859375 0.21875 0.009375 0.01875
1 0.40546875 0.9875 0.0125 0.025
1 0.46015625 0.1828125 0.009375 0.0171875
1 0.48359375 0.3171875 0.00625 0.0125
1 0.49375 0.0203125 0.00625 0.0125
1 0.49765625 0.06484375 0.00625 0.0109375
1 0.47578125 0.190625 0.0078125 0.015625
1 0.4234375 0.92890625 0.0125 0.0203125
1 0.509375 0.053125 0.0046875 0.009375
1 0.4890625 0.2984375 0.00625 0.0109375
1 0.01171875 0.2875 0.021875 0.1
0 0.35390625 0.34140625 0.034375 0.2265625