4 0.325 0.940625 0.1015625 0.10625
4 0.3703125 0.7 0.046875 0.1390625
4 0.475 0.4734375 0.015625 0.03125
1 0.4765625 0.1890625 0.0078125 0.015625
1 0.459375 0.21875 0.009375 0.015625
1 0.40625 0.9859375 0.0125 0.025
1 0.425 0.928125 0.0125 0.01875
1 0.49453125 0.01875 0.00625 0.0125
1 0.48359375 0.315625 0.00625 0.0125
1 0.49921875 0.06328125 0.0046875 0.0109375
1 0.4328125 0.7421875 0.009375 0.0125
1 0.4171875 0.9421875 0.01875 0.0265625
1 0.46015625 0.18125 0.009375 0.0171875
1 0.51015625 0.05234375 0.0046875 0.009375
1 0.509375 0.134375 0.0046875 0.009375
1 0.49765625 0.24375 0.00625 0.009375
1 0.48984375 0.29765625 0.00625 0.0109375
1 0.01171875 0.2859375 0.021875 0.1
0 0.35625 0.3390625 0.025 0.21875