4 0.28046875 0.921875 0.0671875 0.15
4 0.371875 0.7078125 0.05 0.140625
1 0.4296875 0.7546875 0.0109375 0.021875
1 0.45625 0.22578125 0.009375 0.0171875
1 0.4578125 0.1890625 0.009375 0.01875
1 0.4734375 0.196875 0.00625 0.0140625
1 0.56953125 0.37421875 0.009375 0.021875
1 0.4953125 0.071875 0.0046875 0.0125
1 0.50703125 0.06015625 0.003125 0.009375
1 0.49140625 0.02890625 0.00625 0.0109375
1 0.48125 0.3234375 0.00625 0.0125
1 0.4921875 0.3359375 0.0046875 0.009375
1 0.48671875 0.3046875 0.00625 0.009375
1 0.45546875 0.59765625 0.0078125 0.015625
1 0.45625 0.5796875 0.0078125 0.0140625
1 0.42265625 0.9390625 0.009375 0.015625
1 0.40234375 0.990625 0.0125 0.0171875
1 0.01015625 0.29453125 0.01875 0.0921875
3 0.91328125 0.859375 0.171875 0.10625
0 0.35234375 0.34609375 0.01875 0.209375