4 0.8484375 0.64609375 0.0375 0.01796875
4 0.8890625 0.6484375 0.05703125 0.01640625
4 0.178125 0.71171875 0.0671875 0.05078125
4 0.66171875 0.57734375 0.0203125 0.00625
4 0.575 0.5765625 0.01640625 0.009375
4 0.5359375 0.5765625 0.01171875 0.009375
0 0.75390625 0.58125 0.0859375 0.00859375
4 0.746875 0.57109375 0.015625 0.01015625
4 0.690625 0.57578125 0.01328125 0.0078125
4 0.225 0.70859375 0.04765625 0.0328125
4 0.725 0.5796875 0.01953125 0.00703125
2 0.2078125 0.5484375 0.134375 0.03828125
1 0.7015625 0.41640625 0.0125 0.00703125