4 0.9390625 0.67578125 0.10546875 0.10078125
4 0.7 0.63046875 0.1390625 0.0453125
4 0.4734375 0.52578125 0.0328125 0.01484375
2 0.2859375 0.98828125 0.1015625 0.02265625
1 0.21796875 0.54140625 0.01875 0.009375
1 0.1890625 0.5234375 0.01484375 0.0078125
1 0.31484375 0.51640625 0.0140625 0.00625
1 0.928125 0.57578125 0.0203125 0.01171875
1 0.01875 0.50546875 0.01328125 0.00546875
1 0.06328125 0.5015625 0.0109375 0.00546875
1 0.94296875 0.5828125 0.0265625 0.0203125
1 0.05234375 0.48984375 0.009375 0.0046875
1 0.98671875 0.59375 0.025 0.01328125
1 0.18125 0.53984375 0.01796875 0.00859375
1 0.32890625 0.5046875 0.0109375 0.00546875
1 0.296875 0.51015625 0.01015625 0.00625
0 0.3328125 0.64375 0.20859375 0.028125