4 0.72109375 0.07734375 0.065625 0.1515625
4 0.615625 0.2890625 0.059375 0.134375
1 0.57109375 0.2453125 0.0109375 0.021875
1 0.4359375 0.625 0.009375 0.01875
1 0.54375 0.7734375 0.0078125 0.01875
1 0.5265625 0.803125 0.00625 0.015625
1 0.54296875 0.81015625 0.009375 0.01875
1 0.5875 0.046875 0.01875 0.025
1 0.50859375 0.9703125 0.00625 0.0125
1 0.49375 0.9390625 0.0046875 0.009375
1 0.5046875 0.9265625 0.0046875 0.0125
1 0.5078125 0.6640625 0.0046875 0.009375
1 0.51328125 0.6953125 0.00625 0.009375
1 0.49453125 0.8578125 0.003125 0.009375
1 0.51875 0.6765625 0.00625 0.0125
1 0.57734375 0.0609375 0.009375 0.015625
1 0.50625 0.746875 0.0046875 0.009375
1 0.59765625 0.009375 0.0125 0.015625
1 0.98984375 0.70625 0.01875 0.090625
0 0.64921875 0.6515625 0.025 0.2125
3 0.084375 0.14140625 0.16875 0.10625