4 0.7046875 0.63359375 0.15 0.0453125
4 0.9421875 0.6859375 0.109375 0.103125
1 0.36328125 0.46484375 0.034375 0.0203125
1 0.225 0.54375 0.01875 0.009375
1 0.1875 0.5421875 0.01875 0.009375
1 0.1953125 0.52578125 0.0140625 0.00625
1 0.934375 0.57890625 0.021875 0.0125
1 0.98984375 0.59765625 0.01875 0.0125
1 0.0265625 0.50859375 0.0125 0.00625
1 0.06953125 0.50390625 0.0125 0.00625
1 0.32265625 0.51875 0.0125 0.00625
1 0.0578125 0.49375 0.009375 0.0046875
1 0.303125 0.51328125 0.0109375 0.00625
1 0.334375 0.5078125 0.009375 0.0046875
1 0.94765625 0.590625 0.025 0.009375
1 0.2921875 0.98984375 0.09375 0.01875
0 0.3390625 0.64765625 0.2125 0.025