4 0.56875 0.44453125 0.0234375 0.01953125
4 0.65625 0.45546875 0.059375 0.04765625
4 0.6671875 0.47421875 0.04375 0.021875
4 0.50625 0.459375 0.03828125 0.02890625
4 0.4515625 0.4390625 0.04140625 0.021875
4 0.36171875 0.45390625 0.03984375 0.03515625
4 0.56953125 0.8109375 0.02421875 0.05625
4 0.6203125 0.82109375 0.0296875 0.0265625
2 0.4390625 0.3703125 0.05390625 0.0375
0 0.5 0.503125 0.09453125 0.0140625
3 0.6971153703125 0.13744388125 0.6784230015625 0.1286474734375 0.5948571203124999 0.2583944984375 0.621246346875 0.2715891109375 0.6971153703125 0.13744388125