4 0.70625 0.63359375 0.146875 0.04375
4 0.94921875 0.68125 0.0984375 0.090625
1 0.75 0.56953125 0.01875 0.009375
1 0.18671875 0.54140625 0.0171875 0.009375
1 0.22265625 0.54296875 0.01875 0.009375
1 0.19375 0.52578125 0.0140625 0.0078125
1 0.9328125 0.578125 0.021875 0.0125
1 0.31953125 0.51796875 0.0125 0.00625
1 0.303125 0.34375 0.0140625 0.0078125
1 0.025 0.5078125 0.0125 0.00625
1 0.9890625 0.59609375 0.0203125 0.0125
1 0.05703125 0.49296875 0.009375 0.0046875
1 0.30078125 0.5125 0.0109375 0.00625
1 0.33359375 0.50625 0.009375 0.00625
1 0.06875 0.503125 0.0125 0.00625
1 0.2890625 0.9890625 0.096875 0.0203125
3 0.9375 0.1171875 0.125 0.1046875
0 0.3421875 0.64609375 0.225 0.0234375