2 0.67890625 0.490625 0.053125 0.0546875
1 0.6796875 0.49296875 0.0109375 0.015625
4 0.5453125 0.353125 0.0234375 0.05
0 0.496875 0.50234375 0.01875 0.078125
4 0.5421875 0.51328125 0.0234375 0.0296875
4 0.51015625 0.67265625 0.025 0.053125
4 0.53125 0.65234375 0.021875 0.040625
4 0.1765625 0.615625 0.0328125 0.040625
4 0.40078125 0.78984375 0.025 0.03125
2 0.35703125 0.5203125 0.04375 0.025
3 0.6921257046875 0.6069521828125 0.6822297453124999 0.62564455 0.8218727296875 0.6938167156249999 0.827370484375 0.6773234515625 0.6921257046875 0.6069521828125