4 0.92265625 0.72109375 0.1515625 0.065625
4 0.7109375 0.615625 0.13515625 0.059375
1 0.7546875 0.57109375 0.02265625 0.0109375
1 0.375 0.4359375 0.01953125 0.009375
1 0.2265625 0.54375 0.01796875 0.0078125
1 0.196875 0.5265625 0.01484375 0.00703125
1 0.18984375 0.54296875 0.01875 0.00859375
1 0.953125 0.5875 0.025 0.01953125
1 0.0296875 0.50859375 0.01171875 0.00625
1 0.0609375 0.49375 0.01015625 0.0046875
1 0.0734375 0.5046875 0.01171875 0.0046875
1 0.3359375 0.5078125 0.01015625 0.0046875
1 0.3046875 0.51328125 0.01015625 0.00546875
1 0.1421875 0.49453125 0.00859375 0.003125
1 0.3234375 0.51875 0.01171875 0.00546875
1 0.9390625 0.57734375 0.01640625 0.00859375
1 0.253125 0.50625 0.01015625 0.0046875
1 0.990625 0.59765625 0.01640625 0.01328125
1 0.29375 0.98984375 0.09140625 0.01875
0 0.3484375 0.64921875 0.21171875 0.02578125
3 0.85859375 0.084375 0.10625 0.16796875