4 0.72109375 0.0765625 0.065625 0.15
4 0.634375 0.16328125 0.05625 0.103125
2 0.165625 0.159375 0.0546875 0.0875
2 0.1875 0.225 0.0625 0.09375
1 0.57109375 0.24296875 0.009375 0.0203125
1 0.5265625 0.8 0.00625 0.0125
1 0.54375 0.771875 0.009375 0.01875
1 0.5421875 0.80859375 0.009375 0.0171875
1 0.5046875 0.925 0.0046875 0.0125
1 0.58515625 0.04453125 0.015625 0.0234375
1 0.5125 0.69375 0.00625 0.0109375
1 0.5078125 0.66171875 0.0046875 0.009375
1 0.51953125 0.675 0.00625 0.0125
1 0.54375 0.4171875 0.00625 0.0125
1 0.54453125 0.4 0.00625 0.015625
1 0.50859375 0.96875 0.00625 0.0125
1 0.49296875 0.93671875 0.0046875 0.0078125
1 0.5984375 0.0078125 0.0125 0.015625
1 0.98984375 0.7078125 0.01875 0.09375
3 0.11015625 0.0796875 0.08125 0.159375
0 0.6484375 0.65625 0.0328125 0.209375