4 0.61875 0.821875 0.025 0.0234375
4 0.53359375 0.8296875 0.0359375 0.0375
4 0.66796875 0.4640625 0.046875 0.040625
0 0.50234375 0.50390625 0.078125 0.021875
4 0.509375 0.45625 0.0375 0.01875
4 0.36015625 0.45234375 0.040625 0.015625
4 0.57578125 0.44453125 0.028125 0.01875
4 0.45078125 0.440625 0.040625 0.0234375
2 0.440625 0.37890625 0.059375 0.0296875
2 0.628125 0.6015625 0.046875 0.04375
3 0.5937575703125 0.23970213125 0.608051734375 0.2484985375 0.72240504375 0.14733984218750001 0.70811088125 0.1253488203125 0.5937575703125 0.23970213125