4 0.940625 0.67578125 0.10390625 0.1015625
4 0.703125 0.63203125 0.1375 0.04296875
4 0.47421875 0.52578125 0.03125 0.015625
1 0.21875 0.54140625 0.01875 0.009375
1 0.9875 0.59453125 0.02421875 0.0125
1 0.1828125 0.53984375 0.0171875 0.009375
1 0.3171875 0.51640625 0.01171875 0.00625
1 0.0203125 0.50625 0.01171875 0.00546875
1 0.06484375 0.50234375 0.0109375 0.00546875
1 0.190625 0.52421875 0.01484375 0.0078125
1 0.92890625 0.5765625 0.0203125 0.01171875
1 0.053125 0.490625 0.00859375 0.0046875
1 0.2984375 0.5109375 0.0109375 0.00625
1 0.2875 0.98828125 0.09921875 0.02109375
0 0.34140625 0.64609375 0.2265625 0.03359375