4 0.67890625 0.04765625 0.096875 0.0921875
4 0.6328125 0.290625 0.04375 0.1375
1 0.56953125 0.25 0.0109375 0.021875
1 0.54140625 0.81484375 0.009375 0.0171875
1 0.52578125 0.80625 0.0078125 0.015625
1 0.51796875 0.68125 0.00625 0.0125
1 0.54296875 0.778125 0.009375 0.01875
1 0.49296875 0.94375 0.0046875 0.009375
1 0.5078125 0.975 0.00625 0.0125
1 0.578125 0.06875 0.0125 0.021875
1 0.596875 0.0109375 0.0125 0.021875
1 0.51171875 0.7 0.00625 0.0125
1 0.49296875 0.86171875 0.003125 0.009375
1 0.5046875 0.7515625 0.00625 0.0125
1 0.50625 0.6671875 0.00625 0.009375
1 0.503125 0.9328125 0.00625 0.0125
1 0.9890625 0.7109375 0.01875 0.0953125
0 0.64609375 0.659375 0.0265625 0.228125
3 0.06640625 0.02578125 0.078125 0.0515625