4 0.44453125 0.43125 0.01875 0.0234375
4 0.45546875 0.34375 0.046875 0.059375
4 0.47421875 0.3328125 0.021875 0.04375
4 0.459375 0.49375 0.028125 0.0375
4 0.4390625 0.5484375 0.021875 0.040625
4 0.45390625 0.63828125 0.034375 0.040625
4 0.8109375 0.43046875 0.05625 0.025
4 0.82109375 0.3796875 0.0265625 0.0296875
2 0.3703125 0.5609375 0.0375 0.053125
0 0.503125 0.5 0.0140625 0.09375
3 0.2583944984375 0.4051428796875 0.2715891109375 0.378753653125 0.13744388125 0.30288462968749996 0.1286474734375 0.3215769984375 0.2583944984375 0.4051428796875