4 0.7046875 0.9765625 0.0453125 0.046875
4 0.721875 0.8484375 0.04375 0.0625
4 0.6484375 0.134375 0.01875 0.06875
4 0.5796875 0.434375 0.009375 0.021875
4 0.5796875 0.3484375 0.00625 0.021875
4 0.58046875 0.4734375 0.0078125 0.015625
4 0.65 0.153125 0.015625 0.03125
0 0.5859375 0.2578125 0.00625 0.078125
4 0.58203125 0.2859375 0.00625 0.01875
4 0.7171875 0.8125 0.025 0.0453125
4 0.578125 0.3078125 0.00625 0.0125
4 0.6484375 0.1171875 0.01875 0.034375
2 0.5359375 0.92265625 0.04375 0.13125
1 0.51328125 0.26796875 0.00625 0.0125