4 0.1640625 0.71953125 0.05703125 0.04140625
4 0.571875 0.57734375 0.0171875 0.00859375
4 0.534375 0.57734375 0.01328125 0.009375
4 0.659375 0.57734375 0.02265625 0.0078125
4 0.89375 0.64921875 0.03984375 0.015625
0 0.7421875 0.58125 0.09921875 0.003125
4 0.6859375 0.57578125 0.0125 0.0078125
4 0.984375 0.6390625 0.0234375 0.02578125
4 0.2109375 0.7046875 0.0515625 0.04140625
4 0.853125 0.64765625 0.02890625 0.01640625
4 0.721875 0.58046875 0.01640625 0.00703125
2 0.2203125 0.51796875 0.1234375 0.04453125
1 0.70703125 0.434375 0.0125 0.00703125