4 0.9234375 0.72109375 0.14921875 0.06484375
4 0.83671875 0.634375 0.103125 0.05546875
2 0.840625 0.165625 0.08671875 0.0546875
2 0.775 0.1875 0.09375 0.0625
1 0.75703125 0.57109375 0.0203125 0.01015625
1 0.2 0.5265625 0.01328125 0.00703125
1 0.228125 0.54375 0.01875 0.00859375
1 0.19140625 0.5421875 0.0171875 0.009375
1 0.075 0.5046875 0.0125 0.0046875
1 0.95546875 0.58515625 0.0234375 0.01640625
1 0.30625 0.5125 0.0109375 0.00625
1 0.33828125 0.5078125 0.009375 0.0046875
1 0.325 0.51953125 0.0125 0.00546875
1 0.5828125 0.54375 0.01328125 0.00703125
1 0.6 0.54453125 0.01484375 0.00703125
1 0.03125 0.50859375 0.0125 0.00546875
1 0.06328125 0.49296875 0.0078125 0.0046875
1 0.9921875 0.5984375 0.01484375 0.0125
1 0.2921875 0.98984375 0.09296875 0.01953125
3 0.9203125 0.11015625 0.15859375 0.08125
0 0.34375 0.6484375 0.209375 0.0328125