4 0.67578125 0.059375 0.1015625 0.103125
4 0.63203125 0.296875 0.04375 0.1375
4 0.52578125 0.52578125 0.015625 0.03125
1 0.54140625 0.78125 0.009375 0.01875
1 0.59453125 0.0125 0.0125 0.025
1 0.53984375 0.8171875 0.009375 0.0171875
1 0.51640625 0.6828125 0.00625 0.0125
1 0.50625 0.9796875 0.00625 0.0125
1 0.50234375 0.93515625 0.00625 0.0109375
1 0.52421875 0.809375 0.0078125 0.015625
1 0.5765625 0.07109375 0.0125 0.0203125
1 0.490625 0.946875 0.0046875 0.009375
1 0.5109375 0.7015625 0.00625 0.0109375
1 0.98828125 0.7125 0.021875 0.1
0 0.64609375 0.65859375 0.034375 0.2265625