4 0.35078125 0.89140625 0.015625 0.065625
4 0.353125 0.82734375 0.015625 0.046875
4 0.4234375 0.66875 0.00625 0.021875
4 0.2953125 0.2140625 0.0546875 0.046875
4 0.4234375 0.5828125 0.009375 0.0140625
4 0.28984375 0.1875 0.03125 0.0296875
0 0.4203125 0.7671875 0.00625 0.075
4 0.425 0.7296875 0.0109375 0.0171875
4 0.4265625 0.703125 0.0078125 0.015625
4 0.42421875 0.54375 0.009375 0.0125
4 0.4234375 0.746875 0.0109375 0.0203125
2 0.41484375 0.090625 0.071875 0.08125
1 0.6171875 0.69140625 0.00625 0.0125