4 0.8875 0.64921875 0.0671875 0.01484375
4 0.8375 0.646875 0.03984375 0.01484375
4 0.17890625 0.7125 0.0484375 0.04609375
4 0.665625 0.5765625 0.02265625 0.00703125
4 0.9890625 0.63828125 0.01953125 0.02578125
4 0.2359375 0.71015625 0.05546875 0.028125
4 0.578125 0.57578125 0.01796875 0.0078125
4 0.540625 0.57578125 0.0125 0.00859375
0 0.75390625 0.58046875 0.08046875 0.00703125
4 0.728125 0.57890625 0.0171875 0.0078125
4 0.696875 0.57578125 0.0125 0.0078125
4 0.74453125 0.57109375 0.0140625 0.009375
1 0.69765625 0.4 0.0140625 0.00546875