3 0.16603220937500002 0.31058148750000003 0.158335353125 0.32927385625 0.3012769890625 0.3952469203125 0.30567519375 0.39414736875 0.30567519375 0.397446021875 0.3122725 0.375455 0.16603220937500002 0.31058148750000003
4 0.490625 0.32578125 0.01875 0.059375
4 0.47421875 0.3453125 0.021875 0.0375
4 0.82109375 0.3875 0.03125 0.03125
4 0.5734375 0.2515625 0.034375 0.046875
4 0.4578125 0.653125 0.01875 0.021875
0 0.5015625 0.5015625 0.01875 0.078125
4 0.45625 0.490625 0.021875 0.015625
4 0.44375 0.4296875 0.025 0.028125
2 0.6375 0.475 0.040625 0.025
2 0.32734375 0.52890625 0.040625 0.0453125
1 0.32890625 0.4890625 0.0109375 0.015625