4 0.89140625 0.64921875 0.065625 0.01484375
4 0.82734375 0.646875 0.046875 0.01484375
4 0.66875 0.5765625 0.02265625 0.00703125
4 0.2140625 0.7046875 0.04609375 0.0546875
4 0.5828125 0.5765625 0.0140625 0.00859375
4 0.1875 0.71015625 0.0296875 0.03125
0 0.7671875 0.5796875 0.07578125 0.00546875
4 0.7296875 0.575 0.0171875 0.0109375
4 0.703125 0.5734375 0.01484375 0.0078125
4 0.54375 0.57578125 0.0125 0.00859375
4 0.746875 0.5765625 0.0203125 0.0109375
2 0.090625 0.58515625 0.08203125 0.07109375
1 0.69140625 0.3828125 0.0125 0.00703125