3 0.52734375 0.42578125 0.190625 0.23125
4 0.6734375 0.0671875 0.1046875 0.1109375
4 0.63203125 0.303125 0.04375 0.14375
1 0.54140625 0.7828125 0.009375 0.01875
1 0.5234375 0.8109375 0.0078125 0.0140625
1 0.59375 0.0140625 0.0125 0.0265625
1 0.575 0.07265625 0.0125 0.0203125
1 0.5046875 0.98125 0.00625 0.0125
1 0.58203125 0.0578125 0.01875 0.028125
1 0.5390625 0.8203125 0.009375 0.01875
1 0.515625 0.68515625 0.00625 0.0125
1 0.48984375 0.9484375 0.0046875 0.009375
1 0.50078125 0.93671875 0.00625 0.0109375
1 0.490625 0.865625 0.0046875 0.009375
1 0.509375 0.7046875 0.00625 0.0125
1 0.98828125 0.715625 0.021875 0.1
0 0.6421875 0.6625 0.028125 0.21875