4 0.3671875 0.70546875 0.046875 0.1484375
4 0.31875 0.9515625 0.0890625 0.09375
1 0.45859375 0.1875 0.009375 0.015625
1 0.45625 0.2234375 0.009375 0.01875
1 0.47421875 0.19375 0.00625 0.015625
1 0.421875 0.934375 0.0125 0.021875
1 0.48125 0.32109375 0.00625 0.0140625
1 0.403125 0.9890625 0.0125 0.01875
1 0.4953125 0.25 0.0046875 0.0109375
1 0.49140625 0.025 0.00625 0.0109375
1 0.50703125 0.0578125 0.0046875 0.009375
1 0.43046875 0.74921875 0.009375 0.015625
1 0.496875 0.06875 0.00625 0.0125
1 0.49296875 0.33359375 0.0046875 0.009375
1 0.4875 0.3015625 0.00625 0.0125
1 0.0109375 0.290625 0.01875 0.096875
0 0.35546875 0.34453125 0.0296875 0.2171875
1 0.63671875 0.3171875 0.0125 0.01875