3 0.47109375 0.54375 0.165625 0.2375
4 0.32578125 0.94140625 0.103125 0.109375
4 0.36875 0.696875 0.0453125 0.14375
1 0.4765625 0.1890625 0.0078125 0.015625
1 0.459375 0.2171875 0.009375 0.015625
1 0.40703125 0.9859375 0.0125 0.0265625
1 0.425 0.92734375 0.0125 0.0203125
1 0.49453125 0.01875 0.00625 0.0125
1 0.41796875 0.9421875 0.01875 0.028125
1 0.484375 0.31484375 0.00625 0.0125
1 0.51015625 0.0515625 0.0046875 0.009375
1 0.4609375 0.18046875 0.009375 0.01875
1 0.49921875 0.0625 0.00625 0.009375
1 0.490625 0.2953125 0.00625 0.0125
1 0.01171875 0.28515625 0.021875 0.1
0 0.35703125 0.3390625 0.0265625 0.2265625