4 0.8953125 0.6484375 0.06484375 0.01640625
4 0.81875 0.6453125 0.05390625 0.015625
4 0.2125 0.70859375 0.05859375 0.03046875
4 0.67265625 0.5765625 0.0234375 0.0078125
0 0.775 0.57890625 0.0546875 0.00703125
4 0.7453125 0.57734375 0.01953125 0.009375
4 0.7078125 0.5734375 0.01640625 0.009375
4 0.5875 0.57578125 0.015625 0.0078125
4 0.5484375 0.575 0.01328125 0.00859375
4 0.721875 0.57578125 0.01796875 0.009375
2 0.03515625 0.57421875 0.0703125 0.0703125
1 0.6859375 0.3671875 0.0140625 0.0078125