3 0.57421875 0.52734375 0.23125 0.19140625
4 0.9328125 0.6734375 0.1109375 0.1046875
4 0.696875 0.63203125 0.14375 0.04296875
1 0.2171875 0.54140625 0.01796875 0.009375
1 0.1890625 0.5234375 0.0140625 0.0078125
1 0.9859375 0.59375 0.0265625 0.01328125
1 0.92734375 0.575 0.0203125 0.01171875
1 0.01875 0.5046875 0.0125 0.00546875
1 0.9421875 0.58203125 0.028125 0.01953125
1 0.1796875 0.5390625 0.01796875 0.00859375
1 0.31484375 0.515625 0.0125 0.00546875
1 0.0515625 0.48984375 0.009375 0.0046875
1 0.06328125 0.50078125 0.0109375 0.00546875
1 0.134375 0.490625 0.00859375 0.0046875
1 0.2953125 0.509375 0.01171875 0.00546875
1 0.284375 0.98828125 0.09921875 0.021875
0 0.3375 0.6421875 0.21796875 0.028125